0.216331
-0.0449444
-0.119295
0.0437567
-0.100072
0.120256
-0.111201
0.108549
-0.0232087
0.0491013
0.00317875
-0.0339777
0.120843
-0.120353
0.0656321
-0.054881
0.0367075
0.114527
0.0851759
0.14656
0.0576827
0.0251363
0.082396
-0.0748711
0.169193
0.0844981
0.167952
0.24381
0.105171
0.183902
0.154468
0.299572
0.343872
0.240788
0.339706
0.504747
0.575238
0.515243
0.631117
0.466235
0.632171
0.704831
0.997871
0.892197
0.940558
0.948338
0.852576
0.901635
0.979248
0.975653
0.91167
0.936175
0.939315
0.963045
0.997143
0.861665
0.864926
0.915371
0.845631
0.786771
0.704299
0.646438
0.526827
0.388949
0.48684
0.460165
0.0169279
0.594745
0.355903
0.218118
0.134036
0.118106
-0.00874722
0.253338
0.24744
0.192786
0.0170003
0.00260938
-0.0484632
-0.0873684
0.0933005
0.0843584
0.00137904
0.0522659
-0.0903229
0.0167343
0.0740936
0.167333
0.00695935
-0.109088
-0.00537365
-0.00909761
-0.0559991
0.0983349
-0.128524
-0.0174711
-0.0577996
-0.0629244
0.261278
0.0824169
